0.000000000000000000e+00 5.391520563335916449e-15
1.000000000000000000e+00 3.788636071533346694e-15
2.000000000000000000e+00 3.885780586188047891e-15
3.000000000000000000e+00 3.053113317719180486e-15
4.000000000000000000e+00 2.664535259100375697e-15
5.000000000000000000e+00 2.664535259100375697e-15
6.000000000000000000e+00 4.163336342344337027e-15
7.000000000000000000e+00 4.440892098500626162e-15
8.000000000000000000e+00 3.552713678800500929e-15
9.000000000000000000e+00 3.511080315377057559e-15
1.000000000000000000e+01 4.288236432614667137e-15
1.100000000000000000e+01 4.884981308350688778e-15
1.200000000000000000e+01 3.996802888650563546e-15
1.300000000000000000e+01 3.774758283725532237e-15
1.400000000000000000e+01 4.884981308350688778e-15
1.500000000000000000e+01 3.608224830031758756e-15
1.600000000000000000e+01 2.664535259100375697e-15
1.700000000000000000e+01 3.774758283725532237e-15
1.800000000000000000e+01 2.442490654175344389e-15
1.900000000000000000e+01 3.826366307135842248e-15
2.000000000000000000e+01 4.884981308350688778e-15
2.100000000000000000e+01 3.108624468950438313e-15
2.200000000000000000e+01 3.774758283725532237e-15
2.300000000000000000e+01 3.885780586188047891e-15
2.400000000000000000e+01 3.552713678800500929e-15
2.500000000000000000e+01 3.552713678800500929e-15
2.600000000000000000e+01 3.330669073875469621e-15
2.700000000000000000e+01 2.997602166487922659e-15
2.800000000000000000e+01 3.608224830031758756e-15
2.900000000000000000e+01 3.108624468950438313e-15
3.000000000000000000e+01 3.691491556878645497e-15
3.100000000000000000e+01 4.198030811863873168e-15
3.200000000000000000e+01 2.470246229790973302e-15
3.300000000000000000e+01 2.692290834716004611e-15
3.400000000000000000e+01 3.552713678800500929e-15
3.500000000000000000e+01 3.552713678800500929e-15
3.600000000000000000e+01 3.552713678800500929e-15
3.700000000000000000e+01 4.440892098500626162e-15
3.800000000000000000e+01 5.773159728050814010e-15
3.900000000000000000e+01 4.440892098500626162e-15
4.000000000000000000e+01 3.774758283725532237e-15
4.100000000000000000e+01 3.996802888650563546e-15
4.200000000000000000e+01 3.774758283725532237e-15
4.300000000000000000e+01 2.886579864025407005e-15
4.400000000000000000e+01 3.885780586188047891e-15
4.500000000000000000e+01 4.440892098500626162e-15
4.600000000000000000e+01 3.774758283725532237e-15
4.700000000000000000e+01 3.441691376337985275e-15
4.800000000000000000e+01 3.552713678800500929e-15
4.900000000000000000e+01 2.664535259100375697e-15
5.000000000000000000e+01 3.975986206938841860e-15
5.100000000000000000e+01 4.149458554536522570e-15
5.200000000000000000e+01 4.440892098500626162e-15
5.300000000000000000e+01 4.107825191113079200e-15
5.400000000000000000e+01 3.885780586188047891e-15
5.500000000000000000e+01 3.885780586188047891e-15
5.600000000000000000e+01 3.386180225106727448e-15
5.700000000000000000e+01 3.164135620181696140e-15
5.800000000000000000e+01 3.497202527569243102e-15
5.900000000000000000e+01 4.662936703425657470e-15
6.000000000000000000e+01 3.719247132494274410e-15
6.100000000000000000e+01 2.664535259100375697e-15
6.200000000000000000e+01 4.385380947269368335e-15
6.300000000000000000e+01 5.329070518200751394e-15
6.400000000000000000e+01 3.783431901105416273e-15
6.500000000000000000e+01 4.440892098500626162e-15
6.600000000000000000e+01 2.664535259100375697e-15
6.700000000000000000e+01 3.212707877509046739e-15
6.800000000000000000e+01 3.996802888650563546e-15
6.900000000000000000e+01 3.975986206938841860e-15
7.000000000000000000e+01 5.107025913275720086e-15
7.100000000000000000e+01 3.774758283725532237e-15
7.200000000000000000e+01 3.941291737419305719e-15
7.300000000000000000e+01 3.552713678800500929e-15
7.400000000000000000e+01 4.450866758487492802e-15
7.500000000000000000e+01 3.830269434956790064e-15
7.600000000000000000e+01 2.664535259100375697e-15
7.700000000000000000e+01 3.774758283725532237e-15
7.800000000000000000e+01 3.552713678800500929e-15
7.900000000000000000e+01 3.774758283725532237e-15
8.000000000000000000e+01 5.107025913275720086e-15
8.100000000000000000e+01 2.664535259100375697e-15
8.200000000000000000e+01 3.774758283725532237e-15
8.300000000000000000e+01 3.108624468950438313e-15
8.400000000000000000e+01 3.108624468950438313e-15
8.500000000000000000e+01 4.010680676458378002e-15
8.600000000000000000e+01 3.108624468950438313e-15
8.700000000000000000e+01 3.996802888650563546e-15
8.800000000000000000e+01 4.440892098500626162e-15
8.900000000000000000e+01 3.552713678800500929e-15
9.000000000000000000e+01 3.941291737419305719e-15
9.100000000000000000e+01 4.385380947269368335e-15
9.200000000000000000e+01 4.274358644806852681e-15
9.300000000000000000e+01 3.580469254416129843e-15
9.400000000000000000e+01 4.662936703425657470e-15
9.500000000000000000e+01 4.300813177815498989e-15
9.600000000000000000e+01 3.552713678800500929e-15
9.700000000000000000e+01 4.218847493575594854e-15
9.800000000000000000e+01 2.664535259100375697e-15
9.900000000000000000e+01 3.104721341129490497e-15
1.000000000000000000e+02 3.885780586188047891e-15
1.010000000000000000e+02 3.552713678800500929e-15
1.020000000000000000e+02 4.204969705767780397e-15
1.030000000000000000e+02 3.774758283725532237e-15
1.040000000000000000e+02 2.775557561562891351e-15
1.050000000000000000e+02 4.662936703425657470e-15
1.060000000000000000e+02 2.868798948396644732e-15
1.070000000000000000e+02 2.974183399562235763e-15
1.080000000000000000e+02 3.330669073875469621e-15
1.090000000000000000e+02 3.053113317719180486e-15
1.100000000000000000e+02 3.552713678800500929e-15
1.110000000000000000e+02 2.886579864025407005e-15
1.120000000000000000e+02 3.330669073875469621e-15
1.130000000000000000e+02 3.552713678800500929e-15
1.140000000000000000e+02 3.941291737419305719e-15
1.150000000000000000e+02 2.886579864025407005e-15
1.160000000000000000e+02 3.441691376337985275e-15
1.170000000000000000e+02 4.662936703425657470e-15
1.180000000000000000e+02 2.442490654175344389e-15
1.190000000000000000e+02 2.720046410331633524e-15
1.200000000000000000e+02 3.608224830031758756e-15
1.210000000000000000e+02 3.108624468950438313e-15
1.220000000000000000e+02 5.606626274357040529e-15
1.230000000000000000e+02 2.914335439641035919e-15
1.240000000000000000e+02 3.219646771412953967e-15
1.250000000000000000e+02 2.900457651833221462e-15
1.260000000000000000e+02 3.552713678800500929e-15
1.270000000000000000e+02 4.718447854656915297e-15
1.280000000000000000e+02 4.218847493575594854e-15
1.290000000000000000e+02 5.084474508088021594e-15
1.300000000000000000e+02 4.440892098500626162e-15
1.310000000000000000e+02 3.469446951953614189e-15
1.320000000000000000e+02 3.552713678800500929e-15
1.330000000000000000e+02 2.609024107869117870e-15
1.340000000000000000e+02 3.663735981263016583e-15
1.350000000000000000e+02 3.053113317719180486e-15
1.360000000000000000e+02 3.996802888650563546e-15
1.370000000000000000e+02 2.664535259100375697e-15
1.380000000000000000e+02 4.163336342344337027e-15
1.390000000000000000e+02 3.552713678800500929e-15
1.400000000000000000e+02 3.552713678800500929e-15
1.410000000000000000e+02 4.468647674116255075e-15
1.420000000000000000e+02 3.996802888650563546e-15
1.430000000000000000e+02 5.551115123125782702e-15
1.440000000000000000e+02 5.481726184086710418e-15
1.450000000000000000e+02 4.662936703425657470e-15
1.460000000000000000e+02 5.107025913275720086e-15
1.470000000000000000e+02 3.779095092415474255e-15
1.480000000000000000e+02 5.107025913275720086e-15
1.490000000000000000e+02 3.386180225106727448e-15
1.500000000000000000e+02 3.441691376337985275e-15
1.510000000000000000e+02 4.218847493575594854e-15
1.520000000000000000e+02 5.773159728050814010e-15
1.530000000000000000e+02 4.052314039881821373e-15
1.540000000000000000e+02 2.664535259100375697e-15
1.550000000000000000e+02 5.162537064506977913e-15
1.560000000000000000e+02 3.497202527569243102e-15
1.570000000000000000e+02 3.608224830031758756e-15
1.580000000000000000e+02 3.552713678800500929e-15
1.590000000000000000e+02 4.746203430272544210e-15
1.600000000000000000e+02 3.497202527569243102e-15
1.610000000000000000e+02 5.475654651920791594e-15
1.620000000000000000e+02 3.996802888650563546e-15
1.630000000000000000e+02 3.275157922644211794e-15
1.640000000000000000e+02 3.663735981263016583e-15
1.650000000000000000e+02 4.024558464266192459e-15
1.660000000000000000e+02 3.996802888650563546e-15
1.670000000000000000e+02 3.386180225106727448e-15
1.680000000000000000e+02 2.955968803064479289e-15
1.690000000000000000e+02 3.330669073875469621e-15
1.700000000000000000e+02 2.997602166487922659e-15
1.710000000000000000e+02 4.107825191113079200e-15
1.720000000000000000e+02 3.164135620181696140e-15
1.730000000000000000e+02 3.108624468950438313e-15
1.740000000000000000e+02 3.552713678800500929e-15
1.750000000000000000e+02 4.218847493575594854e-15
1.760000000000000000e+02 4.246603069191223767e-15
1.770000000000000000e+02 4.218847493575594854e-15
1.780000000000000000e+02 5.329070518200751394e-15
1.790000000000000000e+02 3.677613769070831040e-15
1.800000000000000000e+02 4.468647674116255075e-15
1.810000000000000000e+02 3.552713678800500929e-15
1.820000000000000000e+02 3.441691376337985275e-15
1.830000000000000000e+02 4.940492459581946605e-15
1.840000000000000000e+02 4.401860820291148002e-15
1.850000000000000000e+02 4.080069615497450286e-15
1.860000000000000000e+02 3.663735981263016583e-15
1.870000000000000000e+02 4.329869796038110508e-15
1.880000000000000000e+02 3.844147222764604521e-15
1.890000000000000000e+02 3.441691376337985275e-15
1.900000000000000000e+02 3.996802888650563546e-15
1.910000000000000000e+02 3.108624468950438313e-15
1.920000000000000000e+02 4.524158825347512902e-15
1.930000000000000000e+02 5.329070518200751394e-15
1.940000000000000000e+02 4.496403249731883989e-15
1.950000000000000000e+02 4.310787837802365630e-15
1.960000000000000000e+02 3.663735981263016583e-15
1.970000000000000000e+02 3.025357742103551573e-15
1.980000000000000000e+02 4.773959005888173124e-15
1.990000000000000000e+02 4.052314039881821373e-15
2.000000000000000000e+02 3.996802888650563546e-15
2.010000000000000000e+02 5.440092820663267048e-15
2.020000000000000000e+02 3.552713678800500929e-15
2.030000000000000000e+02 3.663735981263016583e-15
2.040000000000000000e+02 4.413136522884997248e-15
2.050000000000000000e+02 3.275157922644211794e-15
2.060000000000000000e+02 3.802513859341161151e-15
2.070000000000000000e+02 4.440892098500626162e-15
2.080000000000000000e+02 3.910066714851723191e-15
2.090000000000000000e+02 3.441691376337985275e-15
2.100000000000000000e+02 4.232725281383409310e-15
2.110000000000000000e+02 3.774758283725532237e-15
2.120000000000000000e+02 3.275157922644211794e-15
2.130000000000000000e+02 4.662936703425657470e-15
2.140000000000000000e+02 3.108624468950438313e-15
2.150000000000000000e+02 3.219646771412953967e-15
2.160000000000000000e+02 4.052314039881821373e-15
2.170000000000000000e+02 3.552713678800500929e-15
2.180000000000000000e+02 3.858025010572418978e-15
2.190000000000000000e+02 3.996802888650563546e-15
2.200000000000000000e+02 3.969047313034934632e-15
2.210000000000000000e+02 2.886579864025407005e-15
2.220000000000000000e+02 5.634381849972669443e-15
2.230000000000000000e+02 2.886579864025407005e-15
2.240000000000000000e+02 3.358424649491098535e-15
2.250000000000000000e+02 3.802513859341161151e-15
2.260000000000000000e+02 2.969846590872293746e-15
2.270000000000000000e+02 3.552713678800500929e-15
2.280000000000000000e+02 4.440892098500626162e-15
2.290000000000000000e+02 3.469446951953614189e-15
2.300000000000000000e+02 3.608224830031758756e-15
2.310000000000000000e+02 5.107025913275720086e-15
2.320000000000000000e+02 4.329869796038110508e-15
2.330000000000000000e+02 3.913536161803676805e-15
2.340000000000000000e+02 3.552713678800500929e-15
2.350000000000000000e+02 2.553512956637860043e-15
2.360000000000000000e+02 3.552713678800500929e-15
2.370000000000000000e+02 3.552713678800500929e-15
2.380000000000000000e+02 3.743533261157949710e-15
2.390000000000000000e+02 3.996802888650563546e-15
2.400000000000000000e+02 4.218847493575594854e-15
2.410000000000000000e+02 4.496403249731883989e-15
2.420000000000000000e+02 4.329869796038110508e-15
2.430000000000000000e+02 3.108624468950438313e-15
2.440000000000000000e+02 4.829470157119430951e-15
2.450000000000000000e+02 3.066991105526994943e-15
2.460000000000000000e+02 2.886579864025407005e-15
2.470000000000000000e+02 2.664535259100375697e-15
2.480000000000000000e+02 3.552713678800500929e-15
2.490000000000000000e+02 3.580469254416129843e-15
2.500000000000000000e+02 2.720046410331633524e-15
2.510000000000000000e+02 3.552713678800500929e-15
2.520000000000000000e+02 4.440892098500626162e-15
2.530000000000000000e+02 2.877906246645522970e-15
2.540000000000000000e+02 4.246603069191223767e-15
2.550000000000000000e+02 4.551914400963141816e-15
2.560000000000000000e+02 4.163336342344337027e-15
2.570000000000000000e+02 4.662936703425657470e-15
2.580000000000000000e+02 3.663735981263016583e-15
2.590000000000000000e+02 4.080069615497450286e-15
2.600000000000000000e+02 4.274358644806852681e-15
2.610000000000000000e+02 3.996802888650563546e-15
2.620000000000000000e+02 2.914335439641035919e-15
2.630000000000000000e+02 3.330669073875469621e-15
2.640000000000000000e+02 2.515349040166370287e-15
2.650000000000000000e+02 3.941291737419305719e-15
2.660000000000000000e+02 3.552713678800500929e-15
2.670000000000000000e+02 3.219646771412953967e-15
2.680000000000000000e+02 3.108624468950438313e-15
2.690000000000000000e+02 3.552713678800500929e-15
2.700000000000000000e+02 3.552713678800500929e-15
2.710000000000000000e+02 3.358424649491098535e-15
2.720000000000000000e+02 2.886579864025407005e-15
2.730000000000000000e+02 3.844147222764604521e-15
2.740000000000000000e+02 3.969047313034934632e-15
2.750000000000000000e+02 4.163336342344337027e-15
2.760000000000000000e+02 3.719247132494274410e-15
2.770000000000000000e+02 4.496403249731883989e-15
2.780000000000000000e+02 3.552713678800500929e-15
2.790000000000000000e+02 3.108624468950438313e-15
2.800000000000000000e+02 3.719247132494274410e-15
2.810000000000000000e+02 3.802513859341161151e-15
2.820000000000000000e+02 3.108624468950438313e-15
2.830000000000000000e+02 3.275157922644211794e-15
2.840000000000000000e+02 3.497202527569243102e-15
2.850000000000000000e+02 6.234596172660644697e-15
2.860000000000000000e+02 3.719247132494274410e-15
2.870000000000000000e+02 3.691491556878645497e-15
2.880000000000000000e+02 4.218847493575594854e-15
2.890000000000000000e+02 5.551115123125782702e-15
2.900000000000000000e+02 5.773159728050814010e-15
2.910000000000000000e+02 3.608224830031758756e-15
2.920000000000000000e+02 3.344546861683284078e-15
2.930000000000000000e+02 3.608224830031758756e-15
2.940000000000000000e+02 3.358424649491098535e-15
2.950000000000000000e+02 4.218847493575594854e-15
2.960000000000000000e+02 3.649858193455202127e-15
2.970000000000000000e+02 4.662936703425657470e-15
2.980000000000000000e+02 2.886579864025407005e-15
2.990000000000000000e+02 3.552713678800500929e-15
3.000000000000000000e+02 4.884981308350688778e-15
3.010000000000000000e+02 3.007143145605795098e-15
3.020000000000000000e+02 4.080069615497450286e-15
3.030000000000000000e+02 2.331468351712828735e-15
3.040000000000000000e+02 3.108624468950438313e-15
3.050000000000000000e+02 2.664535259100375697e-15
3.060000000000000000e+02 3.219646771412953967e-15
3.070000000000000000e+02 4.218847493575594854e-15
3.080000000000000000e+02 4.288236432614667137e-15
3.090000000000000000e+02 2.942091015256664832e-15
3.100000000000000000e+02 3.996802888650563546e-15
3.110000000000000000e+02 4.551914400963141816e-15
3.120000000000000000e+02 3.747002708109903324e-15
3.130000000000000000e+02 3.247402347028582881e-15
3.140000000000000000e+02 3.663735981263016583e-15
3.150000000000000000e+02 3.885780586188047891e-15
3.160000000000000000e+02 3.552713678800500929e-15
3.170000000000000000e+02 2.636779683484746784e-15
3.180000000000000000e+02 3.552713678800500929e-15
3.190000000000000000e+02 4.773959005888173124e-15
3.200000000000000000e+02 4.440892098500626162e-15
3.210000000000000000e+02 4.080069615497450286e-15
3.220000000000000000e+02 5.329070518200751394e-15
3.230000000000000000e+02 2.775557561562891351e-15
3.240000000000000000e+02 5.717648576819556183e-15
3.250000000000000000e+02 3.774758283725532237e-15
3.260000000000000000e+02 4.440892098500626162e-15
3.270000000000000000e+02 4.607425552194399643e-15
3.280000000000000000e+02 3.685420024712726672e-15
3.290000000000000000e+02 4.718447854656915297e-15
3.300000000000000000e+02 3.164135620181696140e-15
3.310000000000000000e+02 3.580902935285124045e-15
3.320000000000000000e+02 3.608224830031758756e-15
3.330000000000000000e+02 4.968248035197575518e-15
3.340000000000000000e+02 4.024558464266192459e-15
3.350000000000000000e+02 3.275157922644211794e-15
3.360000000000000000e+02 3.358424649491098535e-15
3.370000000000000000e+02 3.552713678800500929e-15
3.380000000000000000e+02 2.886579864025407005e-15
3.390000000000000000e+02 3.108624468950438313e-15
3.400000000000000000e+02 3.108624468950438313e-15
3.410000000000000000e+02 3.330669073875469621e-15
3.420000000000000000e+02 4.329869796038110508e-15
3.430000000000000000e+02 2.886579864025407005e-15
3.440000000000000000e+02 4.218847493575594854e-15
3.450000000000000000e+02 3.275157922644211794e-15
3.460000000000000000e+02 3.108624468950438313e-15
3.470000000000000000e+02 2.831068712794149178e-15
3.480000000000000000e+02 4.884981308350688778e-15
3.490000000000000000e+02 2.331468351712828735e-15
3.500000000000000000e+02 2.942091015256664832e-15
3.510000000000000000e+02 4.218847493575594854e-15
3.520000000000000000e+02 4.329869796038110508e-15
3.530000000000000000e+02 4.052314039881821373e-15
3.540000000000000000e+02 3.996802888650563546e-15
3.550000000000000000e+02 3.157196726277788912e-15
3.560000000000000000e+02 4.440892098500626162e-15
3.570000000000000000e+02 3.913536161803676805e-15
3.580000000000000000e+02 3.996802888650563546e-15
3.590000000000000000e+02 3.552713678800500929e-15
3.600000000000000000e+02 4.440892098500626162e-15
3.610000000000000000e+02 3.635980405647387670e-15
3.620000000000000000e+02 4.440892098500626162e-15
3.630000000000000000e+02 4.440892098500626162e-15
3.640000000000000000e+02 4.496403249731883989e-15
3.650000000000000000e+02 5.218048215738235740e-15
3.660000000000000000e+02 3.761747857655706184e-15
3.670000000000000000e+02 3.796442327175242326e-15
3.680000000000000000e+02 3.497202527569243102e-15
3.690000000000000000e+02 4.662936703425657470e-15
3.700000000000000000e+02 3.663735981263016583e-15
3.710000000000000000e+02 5.023759186428833345e-15
3.720000000000000000e+02 2.969846590872293746e-15
3.730000000000000000e+02 3.108624468950438313e-15
3.740000000000000000e+02 5.717648576819556183e-15
3.750000000000000000e+02 3.996802888650563546e-15
3.760000000000000000e+02 2.942091015256664832e-15
3.770000000000000000e+02 3.719247132494274410e-15
3.780000000000000000e+02 3.774758283725532237e-15
3.790000000000000000e+02 3.552713678800500929e-15
3.800000000000000000e+02 4.218847493575594854e-15
3.810000000000000000e+02 3.284265220893090031e-15
3.820000000000000000e+02 3.774758283725532237e-15
3.830000000000000000e+02 5.107025913275720086e-15
3.840000000000000000e+02 4.773959005888173124e-15
3.850000000000000000e+02 4.274358644806852681e-15
3.860000000000000000e+02 3.552713678800500929e-15
3.870000000000000000e+02 4.329869796038110508e-15
3.880000000000000000e+02 3.108624468950438313e-15
3.890000000000000000e+02 3.552713678800500929e-15
3.900000000000000000e+02 3.552713678800500929e-15
3.910000000000000000e+02 4.135580766728708113e-15
3.920000000000000000e+02 5.329070518200751394e-15
3.930000000000000000e+02 5.467848396278895962e-15
3.940000000000000000e+02 3.941291737419305719e-15
3.950000000000000000e+02 4.163336342344337027e-15
3.960000000000000000e+02 3.441691376337985275e-15
3.970000000000000000e+02 3.552713678800500929e-15
3.980000000000000000e+02 3.552713678800500929e-15
3.990000000000000000e+02 3.996802888650563546e-15
4.000000000000000000e+02 4.218847493575594854e-15
4.010000000000000000e+02 3.080868893334809400e-15
4.020000000000000000e+02 3.469446951953614189e-15
4.030000000000000000e+02 2.664535259100375697e-15
4.040000000000000000e+02 3.996802888650563546e-15
4.050000000000000000e+02 4.440892098500626162e-15
4.060000000000000000e+02 4.884981308350688778e-15
4.070000000000000000e+02 2.914335439641035919e-15
4.080000000000000000e+02 3.552713678800500929e-15
4.090000000000000000e+02 4.440892098500626162e-15
4.100000000000000000e+02 3.885780586188047891e-15
4.110000000000000000e+02 3.164135620181696140e-15
4.120000000000000000e+02 3.441691376337985275e-15
4.130000000000000000e+02 6.217248937900876626e-15
4.140000000000000000e+02 4.218847493575594854e-15
4.150000000000000000e+02 4.829470157119430951e-15
4.160000000000000000e+02 4.700233258159158822e-15
4.170000000000000000e+02 3.108624468950438313e-15
4.180000000000000000e+02 4.440892098500626162e-15
4.190000000000000000e+02 3.663735981263016583e-15
4.200000000000000000e+02 3.076965765513861584e-15
4.210000000000000000e+02 4.302114220422481594e-15
4.220000000000000000e+02 4.218847493575594854e-15
4.230000000000000000e+02 5.773159728050814010e-15
4.240000000000000000e+02 3.386180225106727448e-15
4.250000000000000000e+02 3.996802888650563546e-15
4.260000000000000000e+02 5.156465532341059088e-15
4.270000000000000000e+02 3.858025010572418978e-15
4.280000000000000000e+02 4.440892098500626162e-15
4.290000000000000000e+02 2.831068712794149178e-15
4.300000000000000000e+02 3.552713678800500929e-15
4.310000000000000000e+02 3.830269434956790064e-15
4.320000000000000000e+02 5.551115123125782702e-15
4.330000000000000000e+02 3.774758283725532237e-15
4.340000000000000000e+02 3.913536161803676805e-15
4.350000000000000000e+02 5.329070518200751394e-15
4.360000000000000000e+02 4.593547764386585186e-15
4.370000000000000000e+02 3.219646771412953967e-15
4.380000000000000000e+02 3.275157922644211794e-15
4.390000000000000000e+02 5.717648576819556183e-15
4.400000000000000000e+02 4.218847493575594854e-15
4.410000000000000000e+02 5.218048215738235740e-15
4.420000000000000000e+02 4.218847493575594854e-15
4.430000000000000000e+02 3.774758283725532237e-15
4.440000000000000000e+02 2.914335439641035919e-15
4.450000000000000000e+02 3.552713678800500929e-15
4.460000000000000000e+02 3.552713678800500929e-15
4.470000000000000000e+02 5.051514762044462259e-15
4.480000000000000000e+02 4.884981308350688778e-15
4.490000000000000000e+02 3.663735981263016583e-15
4.500000000000000000e+02 4.662936703425657470e-15
4.510000000000000000e+02 3.774758283725532237e-15
4.520000000000000000e+02 3.987261909532691107e-15
4.530000000000000000e+02 3.358424649491098535e-15
4.540000000000000000e+02 3.552713678800500929e-15
4.550000000000000000e+02 2.803313137178520265e-15
4.560000000000000000e+02 3.996802888650563546e-15
4.570000000000000000e+02 3.552713678800500929e-15
4.580000000000000000e+02 3.941291737419305719e-15
4.590000000000000000e+02 3.635980405647387670e-15
4.600000000000000000e+02 3.330669073875469621e-15
4.610000000000000000e+02 3.053113317719180486e-15
4.620000000000000000e+02 4.218847493575594854e-15
4.630000000000000000e+02 3.663735981263016583e-15
4.640000000000000000e+02 4.884981308350688778e-15
4.650000000000000000e+02 3.191891195797325054e-15
4.660000000000000000e+02 4.662936703425657470e-15
4.670000000000000000e+02 3.996802888650563546e-15
4.680000000000000000e+02 3.774758283725532237e-15
4.690000000000000000e+02 4.662936703425657470e-15
4.700000000000000000e+02 2.886579864025407005e-15
4.710000000000000000e+02 4.662936703425657470e-15
4.720000000000000000e+02 3.108624468950438313e-15
4.730000000000000000e+02 3.975986206938841860e-15
4.740000000000000000e+02 3.275157922644211794e-15
4.750000000000000000e+02 2.831068712794149178e-15
4.760000000000000000e+02 4.982125823005389975e-15
4.770000000000000000e+02 4.884981308350688778e-15
4.780000000000000000e+02 2.858824288409778092e-15
4.790000000000000000e+02 3.552713678800500929e-15
4.800000000000000000e+02 4.218847493575594854e-15
4.810000000000000000e+02 3.552713678800500929e-15
4.820000000000000000e+02 3.330669073875469621e-15
4.830000000000000000e+02 2.331468351712828735e-15
4.840000000000000000e+02 2.969846590872293746e-15
4.850000000000000000e+02 4.773959005888173124e-15
4.860000000000000000e+02 5.329070518200751394e-15
4.870000000000000000e+02 4.080069615497450286e-15
4.880000000000000000e+02 4.440892098500626162e-15
4.890000000000000000e+02 3.969047313034934632e-15
4.900000000000000000e+02 4.440892098500626162e-15
4.910000000000000000e+02 4.801714581503802037e-15
4.920000000000000000e+02 2.664535259100375697e-15
4.930000000000000000e+02 5.329070518200751394e-15
4.940000000000000000e+02 4.737529812892660175e-15
4.950000000000000000e+02 4.357625371653739421e-15
4.960000000000000000e+02 3.108624468950438313e-15
4.970000000000000000e+02 4.440892098500626162e-15
4.980000000000000000e+02 3.996802888650563546e-15
4.990000000000000000e+02 5.162537064506977913e-15
5.000000000000000000e+02 3.164135620181696140e-15
5.010000000000000000e+02 3.386180225106727448e-15
5.020000000000000000e+02 3.108624468950438313e-15
5.030000000000000000e+02 3.552713678800500929e-15
