7.825211145848584571e-02 6.210713764122765407e-02 2.011294653504331897e-01 1.264737373077758353e-01
5.868802645819810870e-02 4.629558975623581513e-02 1.515536947571426984e-01 1.270999978644746786e-01
3.529473219483861279e-02 2.778217913419337576e-02 8.344316466612008987e-02 7.755801654076976970e-02
2.528262232692736478e-02 2.407685464701146000e-02 5.858218814024040988e-02 5.808614894629532399e-02
1.412288608003722801e-02 1.140940017185192168e-02 3.185157321565990074e-02 3.336153466853547522e-02
7.097611766966951952e-03 5.718040079740888126e-03 1.580073799442421878e-02 1.711067951919537089e-02
4.048208002161629571e-03 3.259036687616082006e-03 8.935081725235605177e-03 9.779411309932095620e-03
2.522563568148061819e-03 1.975094973843266599e-03 5.346074444089021771e-03 5.909791710042078261e-03
1.772113493367630244e-03 1.323172211948248078e-03 3.523091096999275695e-03 3.950067343052365842e-03
1.237718435377663240e-03 8.583926130039665203e-04 2.225231723055720590e-03 2.561178265381325314e-03
-1.505166175962914465e+00 -1.540609836694784240e+00 -1.609807915502881714e+00 -1.440459232797124400e+00
