0.000000000000000000e+00 2.209441397199585211e-13
1.000000000000000000e+00 1.931762984319786549e-13
2.000000000000000000e+00 1.794070108860262641e-13
3.000000000000000000e+00 1.265080239255312634e-13
4.000000000000000000e+00 1.329413755322321825e-13
5.000000000000000000e+00 1.155672542526523655e-13
6.000000000000000000e+00 1.333591753804983134e-13
7.000000000000000000e+00 1.241124656728973853e-13
8.000000000000000000e+00 1.168534483720696029e-13
9.000000000000000000e+00 1.085722478041213288e-13
1.000000000000000000e+01 1.285304074136921562e-13
1.100000000000000000e+01 1.196731973365566457e-13
1.200000000000000000e+01 1.034230718373243402e-13
1.300000000000000000e+01 1.167828007420709108e-13
1.400000000000000000e+01 1.320995992714485423e-13
1.500000000000000000e+01 1.269042718674874559e-13
1.600000000000000000e+01 1.184718826947178671e-13
1.700000000000000000e+01 1.346245604415003544e-13
1.800000000000000000e+01 1.209346106600690113e-13
1.900000000000000000e+01 1.239374745952252777e-13
2.000000000000000000e+01 1.368685709473432821e-13
2.100000000000000000e+01 1.099441447171417563e-13
2.200000000000000000e+01 1.249809344829478502e-13
2.300000000000000000e+01 1.325273915673934322e-13
2.400000000000000000e+01 1.227585978561592656e-13
2.500000000000000000e+01 1.292701704144402775e-13
2.600000000000000000e+01 1.152006177354992361e-13
2.700000000000000000e+01 1.176992666740775406e-13
2.800000000000000000e+01 1.233982127634217218e-13
2.900000000000000000e+01 1.140698626322326353e-13
3.000000000000000000e+01 1.258956250338970351e-13
3.100000000000000000e+01 1.387418690134908927e-13
3.200000000000000000e+01 1.229300949229239492e-13
3.300000000000000000e+01 1.398428763196499225e-13
3.400000000000000000e+01 1.216230553226747835e-13
3.500000000000000000e+01 1.256435005949491091e-13
3.600000000000000000e+01 1.280423385591547558e-13
3.700000000000000000e+01 1.422133623970450733e-13
3.800000000000000000e+01 1.309523575188965838e-13
3.900000000000000000e+01 1.375663770180821088e-13
4.000000000000000000e+01 1.424890614569809810e-13
4.100000000000000000e+01 1.475038217653781847e-13
4.200000000000000000e+01 1.363036812866876002e-13
4.300000000000000000e+01 1.395939706059015628e-13
4.400000000000000000e+01 1.394341998632586677e-13
4.500000000000000000e+01 1.299360602837265621e-13
4.600000000000000000e+01 1.409075967343485780e-13
4.700000000000000000e+01 1.206818390879493830e-13
4.800000000000000000e+01 1.510884923032126959e-13
4.900000000000000000e+01 1.311856761323495699e-13
5.000000000000000000e+01 1.479565574875538192e-13
5.100000000000000000e+01 1.339831294955989849e-13
5.200000000000000000e+01 1.656064879413526869e-13
5.300000000000000000e+01 1.518336915614162952e-13
5.400000000000000000e+01 1.525952826012151597e-13
5.500000000000000000e+01 1.765671552651955356e-13
5.600000000000000000e+01 1.458743539915589860e-13
5.700000000000000000e+01 1.395851953445680083e-13
5.800000000000000000e+01 1.378720203867693506e-13
5.900000000000000000e+01 1.662853882367087976e-13
6.000000000000000000e+01 1.443782837425369725e-13
6.100000000000000000e+01 1.371391132706963056e-13
6.200000000000000000e+01 1.432229308024821068e-13
6.300000000000000000e+01 1.649603373278692164e-13
6.400000000000000000e+01 1.464727658281352041e-13
6.500000000000000000e+01 1.522542061502783761e-13
6.600000000000000000e+01 1.369705537141926999e-13
6.700000000000000000e+01 1.349824250854517182e-13
6.800000000000000000e+01 1.631771432385187293e-13
6.900000000000000000e+01 1.659967126320209541e-13
7.000000000000000000e+01 1.506468425482507256e-13
7.100000000000000000e+01 1.414952817456807677e-13
7.200000000000000000e+01 1.512713701046566883e-13
7.300000000000000000e+01 1.603690663880448508e-13
7.400000000000000000e+01 1.622803521878109223e-13
7.500000000000000000e+01 1.472687464055925932e-13
7.600000000000000000e+01 1.489770153485607540e-13
7.700000000000000000e+01 1.465399728103021493e-13
7.800000000000000000e+01 1.722711396819932850e-13
7.900000000000000000e+01 1.684513734555824482e-13
8.000000000000000000e+01 1.578033019468579046e-13
8.100000000000000000e+01 1.543651477801076533e-13
8.200000000000000000e+01 1.577227525017058096e-13
8.300000000000000000e+01 1.579412870020974191e-13
8.400000000000000000e+01 1.588164278906734062e-13
8.500000000000000000e+01 1.612391725127823583e-13
8.600000000000000000e+01 1.622969337047863725e-13
8.700000000000000000e+01 1.551112957152121774e-13
8.800000000000000000e+01 1.622497302527017848e-13
8.900000000000000000e+01 1.426969978811365447e-13
9.000000000000000000e+01 1.733862619451853604e-13
9.100000000000000000e+01 1.560161776246321574e-13
9.200000000000000000e+01 1.589400404908639097e-13
9.300000000000000000e+01 1.653949668737643430e-13
9.400000000000000000e+01 1.618927295823566204e-13
9.500000000000000000e+01 1.594526512780150562e-13
9.600000000000000000e+01 1.565781128343678164e-13
9.700000000000000000e+01 1.708441466638857542e-13
9.800000000000000000e+01 1.525500510418317801e-13
9.900000000000000000e+01 1.478471818171407659e-13
1.000000000000000000e+02 1.697723043961665845e-13
1.010000000000000000e+02 1.605787781932578595e-13
1.020000000000000000e+02 1.488579360687039554e-13
1.030000000000000000e+02 1.552649000579990612e-13
1.040000000000000000e+02 1.453289596412173090e-13
1.050000000000000000e+02 1.654774949878812240e-13
1.060000000000000000e+02 1.632677147775027371e-13
1.070000000000000000e+02 1.640248741409215671e-13
1.080000000000000000e+02 1.561092089472949918e-13
1.090000000000000000e+02 1.541655055025716037e-13
1.100000000000000000e+02 1.520792430246935278e-13
1.110000000000000000e+02 1.492311523377913562e-13
1.120000000000000000e+02 1.780619380241377225e-13
1.130000000000000000e+02 1.656420091150287432e-13
1.140000000000000000e+02 1.665838758710576351e-13
1.150000000000000000e+02 1.615561186891177614e-13
1.160000000000000000e+02 1.671282063480175606e-13
1.170000000000000000e+02 1.673119108536180732e-13
1.180000000000000000e+02 1.472707996134567376e-13
1.190000000000000000e+02 1.620775589477110867e-13
1.200000000000000000e+02 1.564955440626694672e-13
1.210000000000000000e+02 1.555807484796348228e-13
1.220000000000000000e+02 1.744142482350274914e-13
1.230000000000000000e+02 1.760221607144049627e-13
1.240000000000000000e+02 1.488630995815504177e-13
1.250000000000000000e+02 1.544142147046762004e-13
1.260000000000000000e+02 1.686677598804198208e-13
1.270000000000000000e+02 1.806390188254999862e-13
1.280000000000000000e+02 1.793915358058381648e-13
1.290000000000000000e+02 1.683615134242741340e-13
1.300000000000000000e+02 1.610586664035906779e-13
1.310000000000000000e+02 1.596992666146740403e-13
1.320000000000000000e+02 1.613851332302532193e-13
1.330000000000000000e+02 1.501336354499047121e-13
1.340000000000000000e+02 1.675479281140410115e-13
1.350000000000000000e+02 1.483811988209349231e-13
1.360000000000000000e+02 1.522079039412496670e-13
1.370000000000000000e+02 1.504854861599305704e-13
1.380000000000000000e+02 1.603843197573590063e-13
1.390000000000000000e+02 1.696973724735206801e-13
1.400000000000000000e+02 1.707307120115894583e-13
1.410000000000000000e+02 1.707932162668332476e-13
1.420000000000000000e+02 1.681058178944205839e-13
1.430000000000000000e+02 1.736566213094217770e-13
1.440000000000000000e+02 1.663241484643751544e-13
1.450000000000000000e+02 1.791201328970107309e-13
1.460000000000000000e+02 1.835531238721793690e-13
1.470000000000000000e+02 1.702144691471604854e-13
1.480000000000000000e+02 1.732422934492064415e-13
1.490000000000000000e+02 1.780068741063026150e-13
1.500000000000000000e+02 1.694060066921923569e-13
1.510000000000000000e+02 1.757908461809051803e-13
1.520000000000000000e+02 1.904018799179715837e-13
1.530000000000000000e+02 1.607441122482983209e-13
1.540000000000000000e+02 1.562788120483896148e-13
1.550000000000000000e+02 1.785236184142363625e-13
1.560000000000000000e+02 1.789803927895045055e-13
1.570000000000000000e+02 1.735543945970835500e-13
1.580000000000000000e+02 1.838913542924133782e-13
1.590000000000000000e+02 1.820362437177092119e-13
1.600000000000000000e+02 1.725632576285787700e-13
1.610000000000000000e+02 1.861251495809124190e-13
1.620000000000000000e+02 1.732865695554253183e-13
1.630000000000000000e+02 1.621905599191383884e-13
1.640000000000000000e+02 1.848134004774765193e-13
1.650000000000000000e+02 1.670047157205714616e-13
1.660000000000000000e+02 1.677046630906009472e-13
1.670000000000000000e+02 1.509342509916494768e-13
1.680000000000000000e+02 1.636970859428613090e-13
1.690000000000000000e+02 1.729161654357228017e-13
1.700000000000000000e+02 1.666449096771049909e-13
1.710000000000000000e+02 1.658588766545801563e-13
1.720000000000000000e+02 1.767453235634527942e-13
1.730000000000000000e+02 1.620299218147575049e-13
1.740000000000000000e+02 1.737705167476413792e-13
1.750000000000000000e+02 1.850517081149888332e-13
1.760000000000000000e+02 1.564141611370972740e-13
1.770000000000000000e+02 1.799266302355412295e-13
1.780000000000000000e+02 1.703540059667593698e-13
1.790000000000000000e+02 1.576560605155707950e-13
1.800000000000000000e+02 1.603471993854785338e-13
1.810000000000000000e+02 1.622776213535889744e-13
1.820000000000000000e+02 1.628407017518693212e-13
1.830000000000000000e+02 1.741544869470271206e-13
1.840000000000000000e+02 1.689104449842035449e-13
1.850000000000000000e+02 1.652045877485394665e-13
1.860000000000000000e+02 1.528338409604798609e-13
1.870000000000000000e+02 1.668945065697383101e-13
1.880000000000000000e+02 1.696952718318114894e-13
1.890000000000000000e+02 1.664589690045237269e-13
1.900000000000000000e+02 1.719331870885659752e-13
1.910000000000000000e+02 1.574072767745668400e-13
1.920000000000000000e+02 1.624152608193860092e-13
1.930000000000000000e+02 1.766584383118552370e-13
1.940000000000000000e+02 1.835094711822096714e-13
1.950000000000000000e+02 1.557497349407438447e-13
1.960000000000000000e+02 1.592942628931420801e-13
1.970000000000000000e+02 1.658959563688791605e-13
1.980000000000000000e+02 1.796012069534697053e-13
1.990000000000000000e+02 1.640866126783810386e-13
2.000000000000000000e+02 1.738442018377889253e-13
2.010000000000000000e+02 1.652358398761613612e-13
2.020000000000000000e+02 1.772542616157446460e-13
2.030000000000000000e+02 1.706243517784686303e-13
2.040000000000000000e+02 1.583455453346357955e-13
2.050000000000000000e+02 1.630772882184328143e-13
2.060000000000000000e+02 1.656437980486133443e-13
2.070000000000000000e+02 1.562047881450631670e-13
2.080000000000000000e+02 1.692386736393963753e-13
2.090000000000000000e+02 1.652023786866130273e-13
2.100000000000000000e+02 1.796804621322783957e-13
2.110000000000000000e+02 1.590026531663249476e-13
2.120000000000000000e+02 1.779400194898417276e-13
2.130000000000000000e+02 1.768413296658263856e-13
2.140000000000000000e+02 1.670308992030369866e-13
2.150000000000000000e+02 1.698771602987730889e-13
2.160000000000000000e+02 1.655630791968717985e-13
2.170000000000000000e+02 1.664437766215817738e-13
2.180000000000000000e+02 1.678457584508227796e-13
2.190000000000000000e+02 1.632077990549457569e-13
2.200000000000000000e+02 1.807663177130769405e-13
2.210000000000000000e+02 1.769292042519063357e-13
2.220000000000000000e+02 1.727245869118446131e-13
2.230000000000000000e+02 1.696835488958214899e-13
2.240000000000000000e+02 1.654457143117002427e-13
2.250000000000000000e+02 1.709180350419406413e-13
2.260000000000000000e+02 1.628886641454746487e-13
2.270000000000000000e+02 1.595831485620008428e-13
2.280000000000000000e+02 1.584559848784306002e-13
2.290000000000000000e+02 1.583981155874741864e-13
2.300000000000000000e+02 1.648231518717319100e-13
2.310000000000000000e+02 1.690952336919765431e-13
2.320000000000000000e+02 1.769928740244855470e-13
2.330000000000000000e+02 1.698050744068299589e-13
2.340000000000000000e+02 1.683722741308360527e-13
2.350000000000000000e+02 1.672606009858051967e-13
2.360000000000000000e+02 1.711167828526843904e-13
2.370000000000000000e+02 1.590228057742060219e-13
2.380000000000000000e+02 1.707998027950310971e-13
2.390000000000000000e+02 1.653234298591710338e-13
2.400000000000000000e+02 1.700317946336238339e-13
2.410000000000000000e+02 1.627836591650694276e-13
2.420000000000000000e+02 1.874820557048323399e-13
2.430000000000000000e+02 1.668848571704031891e-13
2.440000000000000000e+02 1.662974093282962307e-13
2.450000000000000000e+02 1.604754605024835690e-13
2.460000000000000000e+02 1.468911526702337822e-13
2.470000000000000000e+02 1.755298380604064512e-13
2.480000000000000000e+02 1.618452821847832235e-13
2.490000000000000000e+02 1.804208637958687467e-13
2.500000000000000000e+02 1.651837304092462766e-13
2.510000000000000000e+02 1.595606107093403003e-13
2.520000000000000000e+02 1.899300486850330483e-13
2.530000000000000000e+02 1.830776605619630071e-13
2.540000000000000000e+02 1.638055197126370155e-13
2.550000000000000000e+02 1.738402580523865093e-13
2.560000000000000000e+02 1.837707368007243658e-13
2.570000000000000000e+02 1.716360343781420106e-13
2.580000000000000000e+02 1.746655256410281631e-13
2.590000000000000000e+02 1.638850865995702955e-13
2.600000000000000000e+02 1.746340837780260835e-13
2.610000000000000000e+02 1.909224731436176548e-13
2.620000000000000000e+02 1.668762242106047733e-13
2.630000000000000000e+02 1.882598894484277530e-13
2.640000000000000000e+02 1.666546539441302044e-13
2.650000000000000000e+02 1.754257953094293110e-13
2.660000000000000000e+02 1.648616952589637696e-13
2.670000000000000000e+02 1.693278492680833081e-13
2.680000000000000000e+02 1.748787882083560619e-13
2.690000000000000000e+02 1.687908981421598620e-13
2.700000000000000000e+02 1.668923788229748073e-13
2.710000000000000000e+02 1.636773399107949167e-13
2.720000000000000000e+02 1.573071642564649597e-13
2.730000000000000000e+02 1.543228571191171405e-13
2.740000000000000000e+02 1.634552410957612611e-13
2.750000000000000000e+02 1.810909956061548809e-13
2.760000000000000000e+02 1.749943099498343924e-13
2.770000000000000000e+02 1.811436471741562082e-13
2.780000000000000000e+02 1.780177432330817822e-13
2.790000000000000000e+02 1.672119609658420658e-13
2.800000000000000000e+02 1.609323568504961166e-13
2.810000000000000000e+02 1.766090122453170541e-13
2.820000000000000000e+02 1.559077709599107631e-13
2.830000000000000000e+02 1.650280389772773582e-13
2.840000000000000000e+02 1.662927743640088551e-13
2.850000000000000000e+02 1.831855657831796269e-13
2.860000000000000000e+02 1.761369099618353973e-13
2.870000000000000000e+02 1.677616785723465287e-13
2.880000000000000000e+02 1.817224078463561265e-13
2.890000000000000000e+02 1.911545601711653330e-13
2.900000000000000000e+02 1.768775149133330893e-13
2.910000000000000000e+02 1.692874220795767548e-13
2.920000000000000000e+02 1.790025376188775219e-13
2.930000000000000000e+02 1.737930681528290777e-13
2.940000000000000000e+02 1.667998150624988574e-13
2.950000000000000000e+02 1.740520704993087087e-13
2.960000000000000000e+02 1.763028335518071477e-13
2.970000000000000000e+02 1.915825625312811420e-13
2.980000000000000000e+02 1.599552738526521800e-13
2.990000000000000000e+02 1.775765949216245865e-13
3.000000000000000000e+02 1.708098587701809001e-13
3.010000000000000000e+02 1.563635288956422009e-13
3.020000000000000000e+02 1.718169470631483731e-13
3.030000000000000000e+02 1.721415436410633770e-13
3.040000000000000000e+02 1.654895025269415010e-13
3.050000000000000000e+02 1.574387864002046999e-13
3.060000000000000000e+02 1.739787784324486886e-13
3.070000000000000000e+02 1.681512053078662583e-13
3.080000000000000000e+02 1.812832788614451851e-13
3.090000000000000000e+02 1.743706768602207302e-13
3.100000000000000000e+02 1.801016611237618581e-13
3.110000000000000000e+02 1.866423682272966289e-13
3.120000000000000000e+02 1.818749008819162127e-13
3.130000000000000000e+02 1.535906953920376794e-13
3.140000000000000000e+02 1.730973220662179735e-13
3.150000000000000000e+02 1.819686708173090528e-13
3.160000000000000000e+02 1.552000986494023183e-13
3.170000000000000000e+02 1.697849353514760407e-13
3.180000000000000000e+02 1.711932462108989306e-13
3.190000000000000000e+02 1.764767260277466665e-13
3.200000000000000000e+02 1.646382411912145072e-13
3.210000000000000000e+02 1.781421147747930256e-13
3.220000000000000000e+02 1.865799452872157760e-13
3.230000000000000000e+02 1.868512804334074295e-13
3.240000000000000000e+02 1.676835889108732602e-13
3.250000000000000000e+02 1.936489705568755770e-13
3.260000000000000000e+02 1.707855726415172248e-13
3.270000000000000000e+02 1.816468254024067308e-13
3.280000000000000000e+02 1.631881478905694571e-13
3.290000000000000000e+02 1.801335366676329319e-13
3.300000000000000000e+02 1.764653825625170369e-13
3.310000000000000000e+02 1.764690824024306437e-13
3.320000000000000000e+02 1.724301582593790183e-13
3.330000000000000000e+02 1.731010219061315802e-13
3.340000000000000000e+02 1.820951565532566430e-13
3.350000000000000000e+02 1.687392088035866156e-13
3.360000000000000000e+02 1.574331078913263071e-13
3.370000000000000000e+02 1.699544503611441493e-13
3.380000000000000000e+02 1.543219490997976839e-13
3.390000000000000000e+02 1.555429911389780151e-13
3.400000000000000000e+02 1.902344791025398218e-13
3.410000000000000000e+02 1.808965303939924496e-13
3.420000000000000000e+02 1.647366325383675667e-13
3.430000000000000000e+02 1.740485874998295990e-13
3.440000000000000000e+02 1.814911881805464366e-13
3.450000000000000000e+02 1.723351685965421320e-13
3.460000000000000000e+02 1.702377252837602994e-13
3.470000000000000000e+02 1.705655202580841356e-13
3.480000000000000000e+02 1.909355106747417929e-13
3.490000000000000000e+02 1.563350008259786761e-13
3.500000000000000000e+02 1.613574589698005268e-13
3.510000000000000000e+02 1.783461887287091097e-13
3.520000000000000000e+02 1.672698167042713235e-13
3.530000000000000000e+02 1.610106904574581943e-13
3.540000000000000000e+02 1.694849230578221455e-13
3.550000000000000000e+02 1.657702024693979981e-13
3.560000000000000000e+02 1.837631609380441233e-13
3.570000000000000000e+02 1.830657343380656665e-13
3.580000000000000000e+02 1.685394038957246932e-13
3.590000000000000000e+02 1.639167588555340282e-13
3.600000000000000000e+02 1.662105782868072978e-13
3.610000000000000000e+02 1.825079529779033427e-13
3.620000000000000000e+02 1.666011892244995130e-13
3.630000000000000000e+02 1.750758555057324584e-13
3.640000000000000000e+02 1.746329995758535980e-13
3.650000000000000000e+02 1.833361479124107074e-13
3.660000000000000000e+02 1.773154377233271406e-13
3.670000000000000000e+02 1.847863360807458499e-13
3.680000000000000000e+02 1.719158805113876753e-13
3.690000000000000000e+02 1.859003944705561739e-13
3.700000000000000000e+02 1.758887293082898873e-13
3.710000000000000000e+02 1.761488361857327378e-13
3.720000000000000000e+02 1.697873205962555088e-13
3.730000000000000000e+02 1.686894642526602650e-13
3.740000000000000000e+02 1.734479056149547394e-13
3.750000000000000000e+02 1.828551958286961376e-13
3.760000000000000000e+02 1.588956424119006283e-13
3.770000000000000000e+02 1.766135591181779152e-13
3.780000000000000000e+02 1.870788815744664491e-13
3.790000000000000000e+02 1.575263357256329044e-13
3.800000000000000000e+02 1.777765963411302719e-13
3.810000000000000000e+02 1.767571684721871983e-13
3.820000000000000000e+02 1.704307268229898753e-13
3.830000000000000000e+02 1.760610225860249900e-13
3.840000000000000000e+02 1.646802336966075864e-13
3.850000000000000000e+02 1.858716495604581520e-13
3.860000000000000000e+02 1.732611788957984233e-13
3.870000000000000000e+02 1.620805540562125779e-13
3.880000000000000000e+02 1.749735678070220291e-13
3.890000000000000000e+02 1.702084111675217226e-13
3.900000000000000000e+02 1.717813920081544266e-13
3.910000000000000000e+02 1.857911068915696351e-13
3.920000000000000000e+02 1.889165907043022230e-13
3.930000000000000000e+02 1.850682150930649250e-13
3.940000000000000000e+02 1.849028403804429954e-13
3.950000000000000000e+02 1.612030346991207008e-13
3.960000000000000000e+02 1.676033918314272231e-13
3.970000000000000000e+02 1.708305670316753733e-13
3.980000000000000000e+02 1.743082945777213455e-13
3.990000000000000000e+02 1.553459238416016186e-13
4.000000000000000000e+02 1.741638924008734324e-13
4.010000000000000000e+02 1.602543849032501966e-13
4.020000000000000000e+02 1.703417612584738616e-13
4.030000000000000000e+02 1.628021515883738835e-13
4.040000000000000000e+02 1.826286721135460256e-13
4.050000000000000000e+02 1.618490836686505008e-13
4.060000000000000000e+02 1.761538777258347954e-13
4.070000000000000000e+02 1.530467985959467481e-13
4.080000000000000000e+02 1.607367735548433096e-13
4.090000000000000000e+02 1.797634307035278489e-13
4.100000000000000000e+02 1.715972470454213417e-13
4.110000000000000000e+02 1.567544379889318495e-13
4.120000000000000000e+02 1.756574689848987292e-13
4.130000000000000000e+02 1.722194232383657264e-13
4.140000000000000000e+02 1.811059237148172907e-13
4.150000000000000000e+02 1.689532980750710345e-13
4.160000000000000000e+02 1.787718600541540748e-13
4.170000000000000000e+02 1.587360614046379181e-13
4.180000000000000000e+02 1.575493614692710653e-13
4.190000000000000000e+02 1.692904036355510899e-13
4.200000000000000000e+02 1.562362774419102929e-13
4.210000000000000000e+02 1.641003752697080265e-13
4.220000000000000000e+02 1.726250842574647559e-13
4.230000000000000000e+02 1.882975790264487803e-13
4.240000000000000000e+02 1.758570841573804666e-13
4.250000000000000000e+02 1.847518923329787011e-13
4.260000000000000000e+02 1.898530364494686873e-13
4.270000000000000000e+02 1.689692087419522593e-13
4.280000000000000000e+02 1.626570107987959646e-13
4.290000000000000000e+02 1.691983684236342267e-13
4.300000000000000000e+02 1.716651248776825123e-13
4.310000000000000000e+02 1.627214462891594937e-13
4.320000000000000000e+02 1.755272427514560640e-13
4.330000000000000000e+02 1.700483151642270818e-13
4.340000000000000000e+02 1.639368843583607904e-13
4.350000000000000000e+02 1.681727063921993615e-13
4.360000000000000000e+02 1.627242584385443780e-13
4.370000000000000000e+02 1.735172471201487654e-13
4.380000000000000000e+02 1.657848934088351767e-13
4.390000000000000000e+02 1.863758713332996919e-13
4.400000000000000000e+02 1.732095776486516914e-13
4.410000000000000000e+02 1.698081169491764963e-13
4.420000000000000000e+02 1.724386963514873417e-13
4.430000000000000000e+02 1.671399428365347162e-13
4.440000000000000000e+02 1.664020687192589720e-13
4.450000000000000000e+02 1.740390871782931947e-13
4.460000000000000000e+02 1.818752464713586925e-13
4.470000000000000000e+02 1.860326874643901396e-13
4.480000000000000000e+02 1.914265526149240559e-13
4.490000000000000000e+02 1.759803240630741783e-13
4.500000000000000000e+02 1.719392925020497842e-13
4.510000000000000000e+02 1.674063787441594509e-13
4.520000000000000000e+02 1.811385446476819483e-13
4.530000000000000000e+02 1.671837107229852404e-13
4.540000000000000000e+02 1.703443633436878268e-13
4.550000000000000000e+02 1.579678296265325799e-13
4.560000000000000000e+02 1.788161564891636857e-13
4.570000000000000000e+02 1.799973337697144404e-13
4.580000000000000000e+02 1.758535943816377789e-13
4.590000000000000000e+02 1.687212178237869342e-13
4.600000000000000000e+02 1.547384589168851465e-13
4.610000000000000000e+02 1.664248505174083237e-13
4.620000000000000000e+02 1.591189067442697058e-13
4.630000000000000000e+02 1.699562663997830625e-13
4.640000000000000000e+02 1.732055389955591829e-13
4.650000000000000000e+02 1.692735510680325184e-13
4.660000000000000000e+02 1.577872828597594312e-13
4.670000000000000000e+02 1.678166205174372316e-13
4.680000000000000000e+02 1.747098085235106180e-13
4.690000000000000000e+02 1.797342656650879889e-13
4.700000000000000000e+02 1.692833495451663561e-13
4.710000000000000000e+02 1.914073215788895943e-13
4.720000000000000000e+02 1.692021089211293017e-13
4.730000000000000000e+02 1.780514009342738790e-13
4.740000000000000000e+02 1.669930063371086182e-13
4.750000000000000000e+02 1.603036889970439749e-13
4.760000000000000000e+02 1.851854037953834520e-13
4.770000000000000000e+02 1.689247157952988854e-13
4.780000000000000000e+02 1.688290349535770396e-13
4.790000000000000000e+02 1.642192309328667499e-13
4.800000000000000000e+02 1.660174141172518492e-13
4.810000000000000000e+02 1.566753522167126100e-13
4.820000000000000000e+02 1.671491653312644210e-13
4.830000000000000000e+02 1.534116258507245423e-13
4.840000000000000000e+02 1.621609069897209099e-13
4.850000000000000000e+02 1.745456467620691565e-13
4.860000000000000000e+02 1.727734708772965533e-13
4.870000000000000000e+02 1.863951430269156218e-13
4.880000000000000000e+02 1.738278710425658624e-13
4.890000000000000000e+02 1.882667741322230359e-13
4.900000000000000000e+02 1.768629798279582055e-13
4.910000000000000000e+02 1.817869653094640603e-13
4.920000000000000000e+02 1.556275182508504162e-13
4.930000000000000000e+02 1.971160051589954110e-13
4.940000000000000000e+02 1.734177580182960643e-13
4.950000000000000000e+02 1.695264005671832941e-13
4.960000000000000000e+02 1.624848598225960006e-13
4.970000000000000000e+02 1.652172458089032347e-13
4.980000000000000000e+02 1.804924889018885703e-13
4.990000000000000000e+02 1.866793191925876505e-13
5.000000000000000000e+02 1.729739398589891231e-13
5.010000000000000000e+02 1.844233519696612811e-13
5.020000000000000000e+02 1.683244811438201760e-13
5.030000000000000000e+02 1.642429885129713385e-13
