1.000000000000000000e+01 5.367899982957169115e-05
1.600000000000000000e+01 7.037100003799423304e-05
2.700000000000000000e+01 1.375259995256783386e-04
4.600000000000000000e+01 3.436480000527808595e-04
7.700000000000000000e+01 9.415710001849220525e-04
1.290000000000000000e+02 3.150388999856659333e-03
2.150000000000000000e+02 1.056587999970361180e-02
3.590000000000000000e+02 3.589612000007037090e-02
5.990000000000000000e+02 1.334393750001618140e-01
1.000000000000000000e+03 4.675877050000053492e-01
