1.000000000000000000e+01 4.185000580037012696e-05
1.600000000000000000e+01 5.674999556504189968e-05
2.700000000000000000e+01 1.081000009435229003e-04
4.600000000000000000e+01 2.587499984656460583e-04
7.700000000000000000e+01 6.661000006715767086e-04
1.290000000000000000e+02 2.429200008918996900e-03
2.150000000000000000e+02 8.131099995807744563e-03
3.590000000000000000e+02 2.706849999958649278e-02
5.990000000000000000e+02 8.925799999997252598e-02
1.000000000000000000e+03 2.631467499959398992e-01
