1.000000000000000000e+01 2.871500037144869566e-04
1.600000000000000000e+01 6.282999966060742736e-04
2.700000000000000000e+01 1.553399997646920383e-03
4.600000000000000000e+01 4.571400007989723235e-03
7.700000000000000000e+01 1.544565000949660316e-02
1.290000000000000000e+02 7.587929999863263220e-02
2.150000000000000000e+02 2.072802000038791448e-01
3.590000000000000000e+02 1.257592850000946783e+00
5.990000000000000000e+02 7.132240850005473476e+00
1.000000000000000000e+03 1.648784205000265501e+01
