1.000000000000000000e+01 3.602810002121259458e-04
1.600000000000000000e+01 7.159950001368998009e-04
2.700000000000000000e+01 1.718928000227606338e-03
4.600000000000000000e+01 5.108505999887710987e-03
7.700000000000000000e+01 1.539362499999697396e-02
1.290000000000000000e+02 5.605443299980834154e-02
2.150000000000000000e+02 2.062309160000950214e-01
3.590000000000000000e+02 7.833153890002723108e-01
5.990000000000000000e+02 3.882808853000024207e+00
1.000000000000000000e+03 1.551073030599996905e+01
